17964.0
17966.0
17968.0
17972.0
17973.0
17974.0
17975.0
17977.0
17978.0
17980.0
17981.0
17982.0
17983.0
17984.0
17985.0
17986.0
17987.0
17988.0
17989.0
17990.0
17991.0
17992.0
17993.0
17994.0
17995.0
17996.0
17997.0
17998.0
17999.0
18000.0
18001.0
18002.0
18003.0
18004.0
18005.0
18006.0
18007.0
18008.0
18009.0
18010.0
18011.0
18012.0
18013.0
18014.0
18015.0
18016.0
18017.0
18018.0
18019.0
18020.0
18021.0
18022.0
18023.0
18024.0
18025.0
18026.0
18027.0
18028.0
18029.0
18030.0
18031.0
18032.0
18033.0
18034.0
18035.0
18036.0
18037.0
18038.0
18039.0
18040.0
18041.0
18042.0
18043.0
18045.0
18046.0
18047.0
18048.0
18049.0
18050.0
18051.0
18052.0
18053.0
18054.0
18055.0
18056.0
18057.0
18058.0
18059.0
18060.0
18061.0
18062.0
18063.0
18064.0
18065.0
18066.0
18067.0
18068.0
18069.0
18071.0
18072.0
18073.0
18074.0
18075.0
18076.0
18077.0
18078.0
18079.0
18080.0
18081.0
18082.0
18083.0
18084.0
18085.0
18086.0
18087.0
18088.0
18089.0
18091.0
18092.0
18093.0
18094.0
18095.0
18096.0
18097.0
18098.0
18099.0
18100.0
18101.0
18102.0
18104.0
18105.0
18106.0
18107.0
18108.0
18109.0
18110.0
18111.0
18112.0
18113.0
18114.0
18115.0
18116.0
18117.0
18118.0
18119.0
18120.0
18122.0
18124.0
18125.0
18127.0
18129.0
18130.0
18131.0
18132.0
18133.0
18135.0
18136.0
18137.0
18138.0
18139.0
18140.0
18141.0
18142.0
18143.0
18144.0
18148.0
18149.0
18150.0
18151.0
18152.0
18153.0
18154.0
18155.0
18156.0
18157.0
18162.0
18167.0
18168.0
18169.0
18170.0
18171.0
18172.0
18173.0
18174.0
18175.0
18185.0
18196.0
18197.0
18198.0
18199.0
18200.0
18202.0
18205.0
18206.0
18207.0
18208.0
18209.0
18210.0
18211.0
18212.0
18213.0
18214.0
18215.0
18216.0
18217.0
18218.0
18219.0
18220.0
18221.0
18222.0
18223.0
18224.0
18225.0
18226.0
18227.0
18228.0
18229.0
18230.0
18231.0
18232.0
18233.0
18234.0
18235.0
18236.0
18237.0
18238.0
18239.0
18240.0
18241.0
18242.0
18243.0
18244.0
18245.0
18246.0
18247.0
18248.0
18249.0
18250.0
18251.0
18252.0
18253.0
18255.0
18256.0
18257.0
18258.0
18259.0
18260.0
18261.0
18262.0
18263.0
18264.0
18265.0
18266.0
18268.0
18269.0
18270.0
18271.0
18272.0
18273.0
18274.0
18275.0
18276.0
18277.0
18278.0
18279.0
18280.0
18281.0
18282.0
18287.0
18288.0
18289.0
18290.0
18292.0
18293.0
18294.0
18295.0
18296.0
18297.0
18298.0
18299.0
18300.0
18301.0
18303.0
18304.0
18306.0
18307.0
18308.0
18309.0
18310.0
18311.0
18312.0
18313.0
18314.0
18315.0
18316.0
18317.0
18318.0
18319.0
18320.0
18321.0
18322.0
18323.0
18324.0
18325.0
18326.0
18327.0
18328.0
18329.0
18330.0
18331.0
18332.0
18333.0
18334.0
18335.0
18336.0
18337.0
18338.0
18339.0
18340.0
18341.0
18342.0
18344.0
18345.0
18346.0
18347.0
18348.0
18350.0
18351.0
18352.0
18353.0
18355.0
18357.0
18358.0
18359.0
18360.0
18361.0
18362.0
18363.0
18364.0
18365.0
18366.0
18367.0
18368.0
18385.0
18386.0
18387.0
18388.0
18389.0
18390.0
18391.0
18392.0
18393.0
18394.0
18395.0
18407.0
18408.0
18409.0
18410.0
18411.0
18412.0
18413.0
18414.0
18415.0
18416.0
18417.0
18418.0
18419.0
18420.0
18421.0
18422.0
18423.0
18424.0
18425.0
18426.0
18427.0
18428.0
18429.0
18430.0
18431.0
18432.0
18433.0
18434.0
18435.0
18436.0
18437.0
18438.0
18439.0
18440.0
18441.0
18442.0
18443.0
18444.0
18445.0
18451.0
18452.0
18453.0
18454.0
18455.0
18456.0
18457.0
18458.0
18459.0
18460.0
18461.0
18462.0
18463.0
18464.0
18465.0
18466.0
18467.0
18468.0
18469.0
18480.0
18481.0
18482.0
18483.0
18484.0
18485.0
18486.0
18487.0
18488.0
18489.0
18490.0
18491.0
18492.0
18493.0
18494.0
18495.0
18496.0
18497.0
18498.0
18499.0
18500.0
18501.0
18502.0
18503.0
18504.0
18505.0
18506.0
18507.0
18508.0
18509.0
18510.0
18511.0
18512.0
18513.0
18514.0
18515.0
18516.0
18517.0
18518.0
18520.0
18521.0
18522.0
18523.0
18524.0
18525.0
18526.0
18527.0
18528.0
18529.0
18530.0
18531.0
18532.0
18533.0
18534.0
18535.0
18536.0
18537.0
18538.0
18539.0
18540.0
18541.0
18542.0
18543.0
18544.0
18546.0
18548.0
18549.0
18550.0
18551.0
18552.0
18553.0
18554.0
18555.0
18556.0
18559.0
18560.0
18561.0
18576.0
18577.0
18578.0
18579.0
18580.0
18581.0
18582.0
18583.0
18584.0
18585.0
18587.0
18591.0
18592.0
18593.0
18602.0
18603.0
18607.0
18610.0
18611.0
18612.0
18613.0
18614.0
18615.0
18616.0
18617.0
18618.0
